label: cam1
image_width: 1280
image_height: 800
camera_matrix:
- - 895.4754778559417
  - 0.0
  - 627.9500026470424
- - 0.0
  - 899.6926242277995
  - 433.6632237162172
- - 0.0
  - 0.0
  - 1.0
dist_coeffs:
- 0.004813888258611335
- 0.13449932478377902
- 0.005260405636518824
- -0.004388955130574936
- -0.28134953826276055
fx_px: 895.4754778559417
fy_px: 899.6926242277995
cx_px: 627.9500026470424
cy_px: 433.6632237162172
rms_reprojection_error_px: 0.5141419664729248
per_view_error_px:
- 0.46855029125135644
- 0.45923553911972276
- 0.4028241037246653
- 0.4449440633486036
- 0.4524585370097866
- 0.4060594928904399
- 0.4562267294028922
- 0.44995205425639734
- 0.48121696584662527
- 0.5025267065435347
- 0.42712239471895735
- 0.44374274364180993
- 0.4606963401078598
- 0.4620471378991742
- 0.459302873208658
- 0.3967482900760445
- 0.4246432094069805
- 0.44638315814353835
- 0.41929944704178546
- 0.46039475376198036
- 0.42196796525752134
- 0.45047904597645
- 0.43472487167802826
- 0.42227066759161375
- 0.43656983621477086
- 0.4096580627912637
- 0.3990090342196384
- 0.43301289415119526
- 0.42272469997672657
- 0.48861529220375766
- 0.45240720324411576
- 0.44788110381762425
- 0.4412405139950624
- 0.4280243305920153
- 0.40943314490952076
- 0.4405058868616293
- 0.41855031682651395
- 0.5103847391369948
- 0.47680420444264576
- 0.43025214588073707
- 0.43498686570610984
- 0.46209258961398897
- 0.46089764400169325
- 0.457853882293728
- 0.46748301706737866
- 0.458854220275972
- 0.4729209216934158
- 0.4339544461970357
- 0.4564803386274421
- 0.5064010276452334
- 0.5798611172502403
- 0.5744407878171627
- 0.6231150976968828
- 0.6345737320287121
- 0.6842763647796444
- 0.7282030565241466
- 0.7511349350735347
- 0.8052073819629004
- 0.8172336071274374
- 0.7264463792090791
- 0.6652660874164564
- 0.5660371953796006
- 0.4884730967375174
- 0.466343352188904
- 0.4605049044990709
- 0.4802614014827258
- 0.4897945992757971
- 0.41639723163757514
- 0.44830734574838893
- 0.4435696597654221
- 0.4546818716332294
- 0.5078048701903808
- 0.5313237127153064
- 0.5299006522881006
- 0.5898628266666132
- 0.5697754354171793
- 0.6017099562665457
- 0.6393707169363876
- 0.7066696296924582
- 0.6066568227409228
accepted_views: 80
board_pattern: current
source_dir: data/calibration/charuco_capture_20250702_145539
