label: cam2
image_width: 1280
image_height: 800
camera_matrix:
- - 897.2104422884256
  - 0.0
  - 638.221323495849
- - 0.0
  - 902.7808347662626
  - 439.4817832094175
- - 0.0
  - 0.0
  - 1.0
dist_coeffs:
- 0.023965975076983313
- -0.02210089338630622
- 0.004258743387599198
- -0.008255691401366684
- -0.060193721489794905
fx_px: 897.2104422884256
fy_px: 902.7808347662626
cx_px: 638.221323495849
cy_px: 439.4817832094175
rms_reprojection_error_px: 0.534555618522634
per_view_error_px:
- 0.7181558056659877
- 0.813540836470943
- 0.7765341991487987
- 0.7196144217076618
- 0.5240807030115713
- 0.4307990155451062
- 0.5466892524509641
- 0.570507424351513
- 0.6033062074479516
- 0.6020340403977965
- 0.5654573966592776
- 0.5869159093168244
- 0.5974794668957661
- 0.6452523329932585
- 0.6514830996637346
- 0.6354134290227607
- 0.6595675435906881
- 0.647044658598505
- 0.6859294285721732
- 0.6314590262693686
- 0.6139023313863252
- 0.6811734191236122
- 0.6459538161500502
- 0.6566506605072413
- 0.6816973445487968
- 0.6931166848233132
- 0.6692478638189611
- 0.61522431441023
- 0.595574429032961
- 0.5045882019531926
- 0.4850171017454754
- 0.44265178820680967
- 0.4564159622945996
- 0.4396617349708025
- 0.416501866296428
- 0.41759203991712723
- 0.43083617337051106
- 0.4529863117771337
- 0.4401241670335249
- 0.42022899418733667
- 0.43060618456025734
- 0.4277731119808749
- 0.46518705292424667
- 0.437629371541467
- 0.461464661528775
- 0.48532142814179074
- 0.42616434846458906
- 0.4191436613193719
- 0.44764933605699564
- 0.4296017810091609
- 0.43564770992229274
- 0.4422594336989234
- 0.460406340830302
- 0.4736228299446867
- 0.4801049733870563
- 0.4443352998873615
- 0.49856114807287993
- 0.5095732569163183
- 0.5654693403196126
- 0.527461242241301
- 0.42805275028479917
- 0.378266627584147
- 0.3886268225876058
- 0.3937782099774475
- 0.40880151914371293
- 0.46039839842878155
- 0.482721739805006
- 0.652044472965854
- 0.5988677854546437
- 0.5621067269371494
- 0.5033308773199663
- 0.46082307643125575
- 0.46804885714695604
- 0.4669681288752753
- 0.48445827655088025
- 0.48740033259664844
- 0.4466786138918761
- 0.3988389745668824
- 0.4222723354613958
- 0.4355102173894529
accepted_views: 80
board_pattern: current
source_dir: data/calibration/charuco_capture_20250702_151645
