label: cam3
image_width: 1280
image_height: 800
camera_matrix:
- - 900.0215621872132
  - 0.0
  - 627.5219973572422
- - 0.0
  - 903.0013607417491
  - 426.382278329262
- - 0.0
  - 0.0
  - 1.0
dist_coeffs:
- 0.008465946040537211
- 0.05809548824427627
- 0.00394448065089514
- -0.012395898302540032
- -0.23262852649431523
fx_px: 900.0215621872132
fy_px: 903.0013607417491
cx_px: 627.5219973572422
cy_px: 426.382278329262
rms_reprojection_error_px: 0.40492029243292776
per_view_error_px:
- 0.4397125904049274
- 0.35104936272697823
- 0.3881609521984448
- 0.38049305919945536
- 0.3883530994260612
- 0.3543614815739495
- 0.35776701111056647
- 0.37102538045116484
- 0.37013608534927445
- 0.3376747550276992
- 0.3732071214037528
- 0.36164850565990453
- 0.362323735401814
- 0.40035552433257016
- 0.4350063960687156
- 0.40117333212795037
- 0.41904161042916643
- 0.45769598919521737
- 0.3907729480881102
- 0.37396970694655596
- 0.3607126800119573
- 0.3911150038150341
- 0.3417684828767218
- 0.39149921746771005
- 0.40122266859761235
- 0.3972404342846749
- 0.4274819704312196
- 0.377571533763726
- 0.3914105490769468
- 0.3970663327449048
- 0.4206733587106849
- 0.41714501672136495
- 0.44404981298006097
- 0.4510258418879329
- 0.39689832206739284
- 0.4138397978977852
- 0.4485533633564534
- 0.44518992066857754
- 0.42732473314370634
- 0.4171633048212627
- 0.4376116840960497
- 0.4246385635057978
- 0.4427711423362109
- 0.4849201220119868
- 0.4780550141370517
- 0.4590648997401189
- 0.457196947752776
- 0.4718688519621947
- 0.48828215124706137
- 0.4747997449205277
- 0.4970710303563385
- 0.49516486235096147
- 0.5136355566931794
- 0.5285487849329705
- 0.519573789907019
- 0.5484474887512023
- 0.4872672371943047
- 0.46918396101190546
- 0.4511538312417953
- 0.4488975535978188
- 0.4224041952502017
- 0.42544481864200684
- 0.44671633867231725
- 0.40658965436094097
- 0.3694762174352987
- 0.3732479565276027
- 0.4221618908060533
- 0.44837163320931617
- 0.36710038152199526
- 0.29965840182787534
- 0.27626140244364494
- 0.26901229289376927
- 0.2712510703564191
- 0.2575385648768806
- 0.261869442809191
- 0.25887158527204
- 0.2963001490363302
- 0.28707891669194113
- 0.33061530275664874
- 0.32910841246314787
accepted_views: 80
board_pattern: current
source_dir: data/calibration/charuco_capture_20250702_151834
